V=10^-5 m/s ; g=9.81 m/s²

SF=0.4672921673
VF=4.27997758162188E-005 m/s


t=5000s
x(t) = 0.2139988791 m

t=10000s
x(t) = 0.4279977582 m

t=15000s
x(t) = 0.6419966372 m
